10	1	14021632	15547755
15	1	9901965		10828617
20	1	7580470		10399240
25	1	3740612		15309972
30	1	5928327		2493219
35	1	1136836		643616
40	1	656821		130437
45	1	325882		137276
50	1	159582		132573
55	1	727127		4674685
60	1	360768		263861
65	1	1354219		22080162
70	1	1825980		7581429
75	1	2988250		4057996
80	1	34741424	27278710
85	1	44129238	35650440
90	1	42133255	35736825
95	1	45171265	34040334
100	1	42521989	34923849
10	2	6500112		6974596
15	2	9029837		8636245
20	2	12210070	12717124
25	2	14935871	15419023
30	2	16309518	17528226
35	2	18868982	21126062
40	2	22432606	24138237
45	2	24774455	25510581
50	2	27170287	30470917
55	2	28684152	33393292
60	2	36822540	39814083
65	2	33975641	38468674
70	2	39151791	39171526
75	2	32254809	41318136
80	2	46578246	52015883
85	2	45299494	48685096
90	2	46817321	50970688
95	2	44368534	49464493
100	2	49055664	53352935
10	3	6317504		7483074
15	3	9475223		10569158
20	3	12000139	13533370
25	3	15454751	17097146
30	3	16961845	18943459
35	3	19382115	23046230
40	3	25258291	29323179
45	3	28046276	31748678
50	3	32260274	35577879
55	3	31405450	34881661
60	3	32699331	35301191
65	3	36719542	41098450
70	3	37439937	41560335
75	3	41118813	44665376
80	3	43041999	47826870
85	3	44323719	48817016
90	3	45440485	50093133
95	3	47378716	52321931
100	3	55559220	59975926
10	4	6659798		8216175
15	4	9964660		11519368
20	4	12822559	14578368
25	4	14836396	17139264
30	4	17101661	19656970
35	4	19617190	22588101
40	4	21582912	25775397
45	4	26023411	28954457
50	4	26214226	30416712
55	4	27678158	33464389
60	4	31988472	36045058
65	4	35883343	39982996
70	4	38940188	44780194
75	4	39614086	45067150
80	4	44253433	48568450
85	4	44008026	49512180
90	4	47302242	53802925
95	4	49948145	56032382
100	4	54246189	62421305
10	5	8277050		9289823
15	5	10337883	12409977
20	5	13163395	15436222
25	5	15394602	17773603
30	5	19173098	22215637
35	5	20019404	23495092
40	5	22551364	25890030
45	5	24739817	29390802
50	5	30327010	35429520
55	5	31654485	36587001
60	5	33096946	37754586
65	5	34486595	39922179
70	5	36492772	42011784
75	5	40669939	45587904
80	5	40522785	47001811
85	5	41416941	48001573
90	5	42524962	49102613
95	5	52136352	60073880
100	5	52301589	59448824
10	6	7863428		10072151
15	6	10780219	14074630
20	6	15906385	19574469
25	6	17802392	22661981
30	6	21483250	26275008
35	6	20482576	24656198
40	6	23714921	28340285
45	6	23994872	28781625
50	6	26924259	31237206
55	6	31117422	35351872
60	6	32520778	38978445
65	6	33018956	39683136
70	6	34738044	42202302
75	6	37532356	44522959
80	6	40892573	47359371
85	6	44228650	51293561
90	6	51736561	59755325
95	6	51318827	58375927
100	6	57153296	65586942
10	7	7540725		10601270
15	7	10587778	13979002
20	7	12469852	16277452
25	7	14178271	18812822
30	7	17472748	21899992
35	7	19617852	24162766
40	7	23187799	27776371
45	7	24409211	30077145
50	7	28021430	34113698
55	7	32854160	38524762
60	7	33910429	40259808
65	7	36551200	42822248
70	7	41552538	47408278
75	7	42623309	48549991
80	7	42547412	50470272
85	7	46055981	53645475
90	7	49481381	58056041
95	7	46572455	56776201
100	7	57114021	65480712
10	8	8273290		12117546
15	8	10212410	13724137
20	8	13444429	17975488
25	8	15669961	20048000
30	8	17760476	22776697
35	8	20586731	26531595
40	8	16069105	25158508
45	8	24419551	30035785
50	8	29109865	35119404
55	8	30504025	37263440
60	8	32208564	38825505
65	8	33639188	40745341
70	8	36807819	43831498
75	8	42939673	49832222
80	8	42155260	51252940
85	8	47336772	55254809
90	8	47463333	56477465
95	8	50742050	59924459
100	8	52431357	60422891
10	9	8642787		13487798
15	9	11519147	14723429
20	9	13512039	18128451
25	9	15862750	20861197
30	9	17430968	21950621
35	9	19205876	25359729
40	9	30464945	39573828
45	9	24218763	33658295
50	9	31526011	38963326
55	9	31026634	38271338
60	9	33305393	40453555
65	9	37103878	46564863
70	9	40042898	47470778
75	9	40314747	49400535
80	9	44151817	51704537
85	9	50671461	60335107
90	9	47580758	57586383
95	9	51527072	60755817
100	9	42798629	55324573
10	10	8330679		15024353
15	10	11621443	16757757
20	10	14340020	19681407
25	10	20239931	29476668
30	10	18112846	26091285
35	10	24808532	32651694
40	10	29069279	36526963
45	10	26712837	38241294
50	10	28899555	41704001
55	10	34260484	46243067
60	10	36189683	45490651
65	10	31735259	47308607
70	10	38606100	50567025
75	10	43645121	53672898
80	10	43792134	53897027
85	10	42920233	53332067
90	10	48069834	58029358
95	10	55080419	66132952
100	10	53244924	68006759
